username = ttrq46
problem code = GC
graph = GCGraphA.txt with (|V|,|E|) = (128,3216)
colours to use = 40
algorithm code = WO
associated parameters [n, num_cyc, N, b] = [128, 500, 100, 2]
conflicts = 6
elapsed time = 1.4
certificate = 1931
1,1,1,29,2,3,3,2,4,4,34,3,2,5,4,6,1,7,6,2,8,5,8,9,8,10,6,10,3,5,10,7,8,11,11,12,13,14,3,15,
7,15,16,17,2,9,34,9,18,33,35,20,11,7,17,18,21,6,12,22,3,19,1,14,23,10,24,23,24,25,26,27,28,13,12,11,20,10,26,13,
29,16,30,30,25,14,31,32,11,32,37,34,35,36,38,15,18,15,13,38,39,22,12,39,33,16,20,33,14,27,15,5,21,16,17,17,18,31,35,4,
19,40,1,19,36,4,13,40,
